-0 -0 -0 -0 -0 -0 -1 -1 
0 0 0 0 0 0 1 -1 
-1 -1 -1 -1 -1 -1 -1 -1 
1 1 1 1 1 1 1 -1 
-64 -32 -16 -8 -4 -2 -1 -1 
64 32 16 8 4 2 1 -1 
-729 -243 -81 -27 -9 -3 -1 -1 
729 243 81 27 9 3 1 -1 
-4096 -1024 -256 -64 -16 -4 -1 -1 
4096 1024 256 64 16 4 1 -1 
-15625 -3125 -625 -125 -25 -5 -1 -1 
15625 3125 625 125 25 5 1 -1 
-46656 -7776 -1296 -216 -36 -6 -1 -1 
46656 7776 1296 216 36 6 1 -1 
-117649 -16807 -2401 -343 -49 -7 -1 -1 
117649 16807 2401 343 49 7 1 -1 
-262144 -32768 -4096 -512 -64 -8 -1 -1 
262144 32768 4096 512 64 8 1 -1 
-531441 -59049 -6561 -729 -81 -9 -1 -1 
531441 59049 6561 729 81 9 1 -1 
-1e+06 -100000 -10000 -1000 -100 -10 -1 -1 
1e+06 100000 10000 1000 100 10 1 -1 
-1.77156e+06 -161051 -14641 -1331 -121 -11 -1 -1 
1.77156e+06 161051 14641 1331 121 11 1 -1 
-2.98598e+06 -248832 -20736 -1728 -144 -12 -1 -1 
2.98598e+06 248832 20736 1728 144 12 1 -1 
-4.82681e+06 -371293 -28561 -2197 -169 -13 -1 -1 
4.82681e+06 371293 28561 2197 169 13 1 -1 
-7.52954e+06 -537824 -38416 -2744 -196 -14 -1 -1 
7.52954e+06 537824 38416 2744 196 14 1 -1 
-1.13906e+07 -759375 -50625 -3375 -225 -15 -1 -1 
1.13906e+07 759375 50625 3375 225 15 1 -1 
-1.67772e+07 -1.04858e+06 -65536 -4096 -256 -16 -1 -1 
1.67772e+07 1.04858e+06 65536 4096 256 16 1 -1 
-2.41376e+07 -1.41986e+06 -83521 -4913 -289 -17 -1 -1 
2.41376e+07 1.41986e+06 83521 4913 289 17 1 -1 
-3.40122e+07 -1.88957e+06 -104976 -5832 -324 -18 -1 -1 
3.40122e+07 1.88957e+06 104976 5832 324 18 1 -1 
-4.70459e+07 -2.4761e+06 -130321 -6859 -361 -19 -1 -1 
4.70459e+07 2.4761e+06 130321 6859 361 19 1 -1 
-6.4e+07 -3.2e+06 -160000 -8000 -400 -20 -1 -1 
6.4e+07 3.2e+06 160000 8000 400 20 1 -1 
-8.57661e+07 -4.0841e+06 -194481 -9261 -441 -21 -1 -1 
8.57661e+07 4.0841e+06 194481 9261 441 21 1 -1 
-1.1338e+08 -5.15363e+06 -234256 -10648 -484 -22 -1 -1 
1.1338e+08 5.15363e+06 234256 10648 484 22 1 -1 
-1.48036e+08 -6.43634e+06 -279841 -12167 -529 -23 -1 -1 
1.48036e+08 6.43634e+06 279841 12167 529 23 1 -1 
-1.91103e+08 -7.96262e+06 -331776 -13824 -576 -24 -1 -1 
1.91103e+08 7.96262e+06 331776 13824 576 24 1 -1 
-2.44141e+08 -9.76562e+06 -390625 -15625 -625 -25 -1 -1 
2.44141e+08 9.76562e+06 390625 15625 625 25 1 -1 
-3.08916e+08 -1.18814e+07 -456976 -17576 -676 -26 -1 -1 
3.08916e+08 1.18814e+07 456976 17576 676 26 1 -1 
-3.8742e+08 -1.43489e+07 -531441 -19683 -729 -27 -1 -1 
3.8742e+08 1.43489e+07 531441 19683 729 27 1 -1 
-4.8189e+08 -1.72104e+07 -614656 -21952 -784 -28 -1 -1 
4.8189e+08 1.72104e+07 614656 21952 784 28 1 -1 
-5.94823e+08 -2.05111e+07 -707281 -24389 -841 -29 -1 -1 
5.94823e+08 2.05111e+07 707281 24389 841 29 1 -1 
-7.29e+08 -2.43e+07 -810000 -27000 -900 -30 -1 -1 
7.29e+08 2.43e+07 810000 27000 900 30 1 -1 
-8.87504e+08 -2.86292e+07 -923521 -29791 -961 -31 -1 -1 
8.87504e+08 2.86292e+07 923521 29791 961 31 1 -1 
-1.07374e+09 -3.35544e+07 -1.04858e+06 -32768 -1024 -32 -1 -1 
1.07374e+09 3.35544e+07 1.04858e+06 32768 1024 32 1 -1 
-1.29147e+09 -3.91354e+07 -1.18592e+06 -35937 -1089 -33 -1 -1 
1.29147e+09 3.91354e+07 1.18592e+06 35937 1089 33 1 -1 
-1.5448e+09 -4.54354e+07 -1.33634e+06 -39304 -1156 -34 -1 -1 
1.5448e+09 4.54354e+07 1.33634e+06 39304 1156 34 1 -1 
-1.83827e+09 -5.25219e+07 -1.50062e+06 -42875 -1225 -35 -1 -1 
1.83827e+09 5.25219e+07 1.50062e+06 42875 1225 35 1 -1 
-2.17678e+09 -6.04662e+07 -1.67962e+06 -46656 -1296 -36 -1 -1 
2.17678e+09 6.04662e+07 1.67962e+06 46656 1296 36 1 -1 
-2.56573e+09 -6.9344e+07 -1.87416e+06 -50653 -1369 -37 -1 -1 
2.56573e+09 6.9344e+07 1.87416e+06 50653 1369 37 1 -1 
-3.01094e+09 -7.92352e+07 -2.08514e+06 -54872 -1444 -38 -1 -1 
3.01094e+09 7.92352e+07 2.08514e+06 54872 1444 38 1 -1 
-3.51874e+09 -9.02242e+07 -2.31344e+06 -59319 -1521 -39 -1 -1 
3.51874e+09 9.02242e+07 2.31344e+06 59319 1521 39 1 -1 
-4.096e+09 -1.024e+08 -2.56e+06 -64000 -1600 -40 -1 -1 
4.096e+09 1.024e+08 2.56e+06 64000 1600 40 1 -1 
-4.7501e+09 -1.15856e+08 -2.82576e+06 -68921 -1681 -41 -1 -1 
4.7501e+09 1.15856e+08 2.82576e+06 68921 1681 41 1 -1 
-5.48903e+09 -1.30691e+08 -3.1117e+06 -74088 -1764 -42 -1 -1 
5.48903e+09 1.30691e+08 3.1117e+06 74088 1764 42 1 -1 
-6.32136e+09 -1.47008e+08 -3.4188e+06 -79507 -1849 -43 -1 -1 
6.32136e+09 1.47008e+08 3.4188e+06 79507 1849 43 1 -1 
-7.25631e+09 -1.64916e+08 -3.7481e+06 -85184 -1936 -44 -1 -1 
7.25631e+09 1.64916e+08 3.7481e+06 85184 1936 44 1 -1 
-8.30377e+09 -1.84528e+08 -4.10062e+06 -91125 -2025 -45 -1 -1 
8.30377e+09 1.84528e+08 4.10062e+06 91125 2025 45 1 -1 
-9.4743e+09 -2.05963e+08 -4.47746e+06 -97336 -2116 -46 -1 -1 
9.4743e+09 2.05963e+08 4.47746e+06 97336 2116 46 1 -1 
-1.07792e+10 -2.29345e+08 -4.87968e+06 -103823 -2209 -47 -1 -1 
1.07792e+10 2.29345e+08 4.87968e+06 103823 2209 47 1 -1 
-1.22306e+10 -2.54804e+08 -5.30842e+06 -110592 -2304 -48 -1 -1 
1.22306e+10 2.54804e+08 5.30842e+06 110592 2304 48 1 -1 
-1.38413e+10 -2.82475e+08 -5.7648e+06 -117649 -2401 -49 -1 -1 
1.38413e+10 2.82475e+08 5.7648e+06 117649 2401 49 1 -1 
-1.5625e+10 -3.125e+08 -6.25e+06 -125000 -2500 -50 -1 -1 
1.5625e+10 3.125e+08 6.25e+06 125000 2500 50 1 -1 
-1.75963e+10 -3.45025e+08 -6.7652e+06 -132651 -2601 -51 -1 -1 
1.75963e+10 3.45025e+08 6.7652e+06 132651 2601 51 1 -1 
-1.97706e+10 -3.80204e+08 -7.31162e+06 -140608 -2704 -52 -1 -1 
1.97706e+10 3.80204e+08 7.31162e+06 140608 2704 52 1 -1 
-2.21644e+10 -4.18195e+08 -7.89048e+06 -148877 -2809 -53 -1 -1 
2.21644e+10 4.18195e+08 7.89048e+06 148877 2809 53 1 -1 
-2.47949e+10 -4.59165e+08 -8.50306e+06 -157464 -2916 -54 -1 -1 
2.47949e+10 4.59165e+08 8.50306e+06 157464 2916 54 1 -1 
-2.76806e+10 -5.03284e+08 -9.15062e+06 -166375 -3025 -55 -1 -1 
2.76806e+10 5.03284e+08 9.15062e+06 166375 3025 55 1 -1 
-3.0841e+10 -5.50732e+08 -9.8345e+06 -175616 -3136 -56 -1 -1 
3.0841e+10 5.50732e+08 9.8345e+06 175616 3136 56 1 -1 
-3.42964e+10 -6.01692e+08 -1.0556e+07 -185193 -3249 -57 -1 -1 
3.42964e+10 6.01692e+08 1.0556e+07 185193 3249 57 1 -1 
-3.80687e+10 -6.56357e+08 -1.13165e+07 -195112 -3364 -58 -1 -1 
3.80687e+10 6.56357e+08 1.13165e+07 195112 3364 58 1 -1 
-4.21805e+10 -7.14924e+08 -1.21174e+07 -205379 -3481 -59 -1 -1 
4.21805e+10 7.14924e+08 1.21174e+07 205379 3481 59 1 -1 
-4.6656e+10 -7.776e+08 -1.296e+07 -216000 -3600 -60 -1 -1 
4.6656e+10 7.776e+08 1.296e+07 216000 3600 60 1 -1 
-5.15204e+10 -8.44596e+08 -1.38458e+07 -226981 -3721 -61 -1 -1 
5.15204e+10 8.44596e+08 1.38458e+07 226981 3721 61 1 -1 
-5.68002e+10 -9.16133e+08 -1.47763e+07 -238328 -3844 -62 -1 -1 
5.68002e+10 9.16133e+08 1.47763e+07 238328 3844 62 1 -1 
-6.25235e+10 -9.92437e+08 -1.5753e+07 -250047 -3969 -63 -1 -1 
6.25235e+10 9.92437e+08 1.5753e+07 250047 3969 63 1 -1 
-6.87195e+10 -1.07374e+09 -1.67772e+07 -262144 -4096 -64 -1 -1 
6.87195e+10 1.07374e+09 1.67772e+07 262144 4096 64 1 -1 
-7.54189e+10 -1.16029e+09 -1.78506e+07 -274625 -4225 -65 -1 -1 
7.54189e+10 1.16029e+09 1.78506e+07 274625 4225 65 1 -1 
-8.2654e+10 -1.25233e+09 -1.89747e+07 -287496 -4356 -66 -1 -1 
8.2654e+10 1.25233e+09 1.89747e+07 287496 4356 66 1 -1 
-9.04584e+10 -1.35013e+09 -2.01511e+07 -300763 -4489 -67 -1 -1 
9.04584e+10 1.35013e+09 2.01511e+07 300763 4489 67 1 -1 
-9.88675e+10 -1.45393e+09 -2.13814e+07 -314432 -4624 -68 -1 -1 
9.88675e+10 1.45393e+09 2.13814e+07 314432 4624 68 1 -1 
-1.07918e+11 -1.56403e+09 -2.26671e+07 -328509 -4761 -69 -1 -1 
1.07918e+11 1.56403e+09 2.26671e+07 328509 4761 69 1 -1 
-1.17649e+11 -1.6807e+09 -2.401e+07 -343000 -4900 -70 -1 -1 
1.17649e+11 1.6807e+09 2.401e+07 343000 4900 70 1 -1 
-1.281e+11 -1.80423e+09 -2.54117e+07 -357911 -5041 -71 -1 -1 
1.281e+11 1.80423e+09 2.54117e+07 357911 5041 71 1 -1 
-1.39314e+11 -1.93492e+09 -2.68739e+07 -373248 -5184 -72 -1 -1 
1.39314e+11 1.93492e+09 2.68739e+07 373248 5184 72 1 -1 
-1.51334e+11 -2.07307e+09 -2.83982e+07 -389017 -5329 -73 -1 -1 
1.51334e+11 2.07307e+09 2.83982e+07 389017 5329 73 1 -1 
-1.64206e+11 -2.21901e+09 -2.99866e+07 -405224 -5476 -74 -1 -1 
1.64206e+11 2.21901e+09 2.99866e+07 405224 5476 74 1 -1 
-1.77979e+11 -2.37305e+09 -3.16406e+07 -421875 -5625 -75 -1 -1 
1.77979e+11 2.37305e+09 3.16406e+07 421875 5625 75 1 -1 
-1.927e+11 -2.53553e+09 -3.33622e+07 -438976 -5776 -76 -1 -1 
1.927e+11 2.53553e+09 3.33622e+07 438976 5776 76 1 -1 
-2.08422e+11 -2.70678e+09 -3.5153e+07 -456533 -5929 -77 -1 -1 
2.08422e+11 2.70678e+09 3.5153e+07 456533 5929 77 1 -1 
-2.252e+11 -2.88717e+09 -3.70151e+07 -474552 -6084 -78 -1 -1 
2.252e+11 2.88717e+09 3.70151e+07 474552 6084 78 1 -1 
-2.43087e+11 -3.07706e+09 -3.89501e+07 -493039 -6241 -79 -1 -1 
2.43087e+11 3.07706e+09 3.89501e+07 493039 6241 79 1 -1 
-2.62144e+11 -3.2768e+09 -4.096e+07 -512000 -6400 -80 -1 -1 
2.62144e+11 3.2768e+09 4.096e+07 512000 6400 80 1 -1 
-2.8243e+11 -3.48678e+09 -4.30467e+07 -531441 -6561 -81 -1 -1 
2.8243e+11 3.48678e+09 4.30467e+07 531441 6561 81 1 -1 
-3.04007e+11 -3.7074e+09 -4.52122e+07 -551368 -6724 -82 -1 -1 
3.04007e+11 3.7074e+09 4.52122e+07 551368 6724 82 1 -1 
-3.2694e+11 -3.93904e+09 -4.74583e+07 -571787 -6889 -83 -1 -1 
3.2694e+11 3.93904e+09 4.74583e+07 571787 6889 83 1 -1 
-3.51298e+11 -4.18212e+09 -4.97871e+07 -592704 -7056 -84 -1 -1 
3.51298e+11 4.18212e+09 4.97871e+07 592704 7056 84 1 -1 
-3.7715e+11 -4.43705e+09 -5.22006e+07 -614125 -7225 -85 -1 -1 
3.7715e+11 4.43705e+09 5.22006e+07 614125 7225 85 1 -1 
-4.04567e+11 -4.70427e+09 -5.47008e+07 -636056 -7396 -86 -1 -1 
4.04567e+11 4.70427e+09 5.47008e+07 636056 7396 86 1 -1 
-4.33626e+11 -4.98421e+09 -5.72898e+07 -658503 -7569 -87 -1 -1 
4.33626e+11 4.98421e+09 5.72898e+07 658503 7569 87 1 -1 
-4.64404e+11 -5.27732e+09 -5.99695e+07 -681472 -7744 -88 -1 -1 
4.64404e+11 5.27732e+09 5.99695e+07 681472 7744 88 1 -1 
-4.96981e+11 -5.58406e+09 -6.27422e+07 -704969 -7921 -89 -1 -1 
4.96981e+11 5.58406e+09 6.27422e+07 704969 7921 89 1 -1 
-5.31441e+11 -5.9049e+09 -6.561e+07 -729000 -8100 -90 -1 -1 
5.31441e+11 5.9049e+09 6.561e+07 729000 8100 90 1 -1 
-5.67869e+11 -6.24032e+09 -6.8575e+07 -753571 -8281 -91 -1 -1 
5.67869e+11 6.24032e+09 6.8575e+07 753571 8281 91 1 -1 
-6.06355e+11 -6.59082e+09 -7.16393e+07 -778688 -8464 -92 -1 -1 
6.06355e+11 6.59082e+09 7.16393e+07 778688 8464 92 1 -1 
-6.4699e+11 -6.95688e+09 -7.48052e+07 -804357 -8649 -93 -1 -1 
6.4699e+11 6.95688e+09 7.48052e+07 804357 8649 93 1 -1 
-6.8987e+11 -7.33904e+09 -7.80749e+07 -830584 -8836 -94 -1 -1 
6.8987e+11 7.33904e+09 7.80749e+07 830584 8836 94 1 -1 
-7.35092e+11 -7.73781e+09 -8.14506e+07 -857375 -9025 -95 -1 -1 
7.35092e+11 7.73781e+09 8.14506e+07 857375 9025 95 1 -1 
-7.82758e+11 -8.15373e+09 -8.49347e+07 -884736 -9216 -96 -1 -1 
7.82758e+11 8.15373e+09 8.49347e+07 884736 9216 96 1 -1 
-8.32972e+11 -8.58734e+09 -8.85293e+07 -912673 -9409 -97 -1 -1 
8.32972e+11 8.58734e+09 8.85293e+07 912673 9409 97 1 -1 
-----
-0.391 0.391 -0.451 0.451 -0.448 0.448 -0.499 0.499 -0.5395 0.5395 -0.58 0.58 -0.661 0.661 -0.6665 0.6665 -0.672 0.672 -0.6775 0.6775 -0.683 0.683 -0.658 0.658 -0.621 0.621 -0.532 0.532 -0.516 0.516 -0.502 0.502 -0.488 0.488 -0.508 0.508 -0.528 0.528 -0.525 0.525 -0.485 0.485 -0.504 0.504 -0.53 0.53 -0.425 0.425 -0.458 0.458 -0.491 0.491 -0.48333 0.48333 -0.47567 0.47567 -0.468 0.468 -0.483 0.483 -0.498 0.498 -0.475 0.475 -0.503 0.503 -0.433 0.433 -0.503 0.503 -0.573 0.573 -0.57667 0.57667 -0.58033 0.58033 -0.584 0.584 -0.571 0.571 -0.589 0.589 -0.573 0.573 -0.492 0.492 -0.547 0.547 -0.577 0.577 -0.592 0.592 -0.535 0.535 -0.528 0.528 -0.656 0.656 -0.679 0.679 -0.70767 0.70767 -0.73633 0.73633 -0.765 0.765 -0.747 0.747 -0.729 0.729 -0.711 0.711 -0.693 0.693 -0.492 0.492 -0.348 0.348 -0.378 0.378 -0.387 0.387 -0.4025 0.4025 -0.418 0.418 -0.4375 0.4375 -0.457 0.457 -0.493 0.493 -0.472 0.472 -0.455 0.455 -0.439 0.439 -0.424 0.424 -0.4325 0.4325 -0.441 0.441 -0.42233 0.42233 -0.40367 0.40367 -0.385 0.385 -0.4595 0.4595 -0.534 0.534 -0.545 0.545 -0.562 0.562 -0.503 0.503 -0.6255 0.6255 -0.748 0.748 -0.736 0.736 -0.724 0.724 -0.712 0.712 -0.74 0.74 -0.745 0.745 -0.724 0.724 -0.599 0.599 -0.671 0.671 -0.659 0.659 -0.647 0.647 -0.507 0.507 -0.551 0.551 -0.489 0.489 -0.505 0.505 -0.5035 0.5035 -0.502 0.502
